1 0.5247395833333324 0.9986979166666667 0.11197916666666485 0.07552083333333348 
0 0.5950520833333323 0.5455729166666667 0.09114583333333481 0.24739583333333331 
0 0.6510416666666676 0.5494791666666667 0.07291666666666485 0.19270833333333331 
0 0.7239583333333351 0.5768229166666667 0.078125 0.21614583333333331 
0 0.024739583333332593 0.5611979166666667 0.049479166666665186 0.1640625 
0 0.3072916666666649 0.6315104166666667 0.09375 0.1796875 
0 0.4296875 0.7291666666666667 0.125 0.2187500000000001 
0 0.109375 0.48177083333333337 0.109375 0.14583333333333331 
0 0.13151041666666488 0.7604166666666667 0.10156249999999999 0.24479166666666674 
1 0.55859375 0.2578125 0.08072916666666963 0.13020833333333334 
